Accuracies:  [0.45217391 0.42608696 0.50434783 0.49565217 0.38596491 0.45614035
 0.46491228 0.42105263 0.42982456 0.50877193]
Average Accuracy: 0.4544927536231884
Stdev Accuracy:  0.040100192654983616
Average Precision: 0.6445846516178556
Average Recall: 0.4544927536231884
{'fit_time': array([0.1402452 , 0.24499488, 0.22832131, 0.08799887, 0.06496119,
       0.08299589, 0.1030035 , 0.09291601, 0.09390855, 0.0760088 ]), 'score_time': array([0.02100086, 0.03300619, 0.01600528, 0.01203775, 0.01200414,
       0.00999999, 0.01207995, 0.0130682 , 0.01208115, 0.01502156]), 'test_recall0': array([0.37837838, 0.34146341, 0.40740741, 0.38888889, 0.23287671,
       0.40963855, 0.41025641, 0.40789474, 0.37333333, 0.4691358 ]), 'test_recall1': array([0.625     , 0.75      , 0.80952381, 0.78571429, 0.75      ,
       0.64705882, 0.8       , 0.61904762, 0.77272727, 0.76190476]), 'test_recall2': array([0.52941176, 0.33333333, 0.61538462, 0.46666667, 0.52941176,
       0.5       , 0.09090909, 0.23529412, 0.23529412, 0.33333333]), 'test_accuracy': array([0.45217391, 0.42608696, 0.50434783, 0.49565217, 0.38596491,
       0.45614035, 0.46491228, 0.42105263, 0.42982456, 0.50877193]), 'test_precision': array([0.6040125 , 0.70450969, 0.76903202, 0.67178342, 0.57339796,
       0.69452679, 0.65219499, 0.54706478, 0.5627749 , 0.66654947]), 'test_recall': array([0.45217391, 0.42608696, 0.50434783, 0.49565217, 0.38596491,
       0.45614035, 0.46491228, 0.42105263, 0.42982456, 0.50877193]), 'test_roc_auc0': array([nan, nan, nan, nan, nan, nan, nan, nan, nan, nan]), 'test_f1_score': array([0.47315195, 0.47381964, 0.54009424, 0.52091637, 0.38172193,
       0.50297059, 0.51141102, 0.44587243, 0.44402394, 0.54232495])}
Average Roc_auc score: nan
Average F1 score: 0.483630705956515
Average non-NPF recall: 0.38192736387554405
Average NPF recall: 0.7320976572447161
Average Undefined recall: 0.3869038804332922
